0 0 0 0.000000000000e+00
0 0 1 0.000000000000e+00
0 1 0 0.000000000000e+00
0 1 1 0.000000000000e+00
1 0 0 0.000000000000e+00
1 0 1 0.000000000000e+00
1 1 0 0.000000000000e+00
1 1 1 0.000000000000e+00
0 0 2 0.000000000000e+00
0 0 3 0.000000000000e+00
0 1 2 0.000000000000e+00
0 1 3 0.000000000000e+00
1 0 2 0.000000000000e+00
1 0 3 0.000000000000e+00
1 1 2 0.000000000000e+00
1 1 3 0.000000000000e+00
0 2 0 0.000000000000e+00
0 2 1 0.000000000000e+00
0 3 0 0.000000000000e+00
0 3 1 0.000000000000e+00
1 2 0 0.000000000000e+00
1 2 1 0.000000000000e+00
1 3 0 0.000000000000e+00
1 3 1 0.000000000000e+00
0 2 2 0.000000000000e+00
0 2 3 0.000000000000e+00
0 3 2 0.000000000000e+00
0 3 3 0.000000000000e+00
1 2 2 0.000000000000e+00
1 2 3 0.000000000000e+00
1 3 2 0.000000000000e+00
1 3 3 0.000000000000e+00
2 0 0 0.000000000000e+00
2 0 1 0.000000000000e+00
2 1 0 0.000000000000e+00
2 1 1 0.000000000000e+00
3 0 0 0.000000000000e+00
3 0 1 0.000000000000e+00
3 1 0 0.000000000000e+00
3 1 1 0.000000000000e+00
2 0 2 0.000000000000e+00
2 0 3 0.000000000000e+00
2 1 2 0.000000000000e+00
2 1 3 0.000000000000e+00
3 0 2 0.000000000000e+00
3 0 3 0.000000000000e+00
3 1 2 0.000000000000e+00
3 1 3 0.000000000000e+00
2 2 0 0.000000000000e+00
2 2 1 0.000000000000e+00
2 3 0 0.000000000000e+00
2 3 1 0.000000000000e+00
3 2 0 0.000000000000e+00
3 2 1 0.000000000000e+00
3 3 0 0.000000000000e+00
3 3 1 2.557139913007e-02
2 2 2 1.577539881556e-08
2 2 3 2.267175855547e-02
2 3 2 1.235931114534e-01
2 3 3 4.623591374548e-01
3 2 2 1.245974477798e-01
3 2 3 5.883228116861e-01
3 3 2 8.256775667221e-01
3 3 3 1.000000000000e+00
0 0 4 0.000000000000e+00
0 0 5 0.000000000000e+00
0 1 4 0.000000000000e+00
0 1 5 0.000000000000e+00
1 0 4 0.000000000000e+00
1 0 5 0.000000000000e+00
1 1 4 0.000000000000e+00
1 1 5 0.000000000000e+00
0 0 6 0.000000000000e+00
0 0 7 0.000000000000e+00
0 1 6 0.000000000000e+00
0 1 7 0.000000000000e+00
1 0 6 0.000000000000e+00
1 0 7 0.000000000000e+00
1 1 6 0.000000000000e+00
1 1 7 0.000000000000e+00
0 2 4 0.000000000000e+00
0 2 5 0.000000000000e+00
0 3 4 0.000000000000e+00
0 3 5 0.000000000000e+00
1 2 4 0.000000000000e+00
1 2 5 0.000000000000e+00
1 3 4 0.000000000000e+00
1 3 5 0.000000000000e+00
0 2 6 0.000000000000e+00
0 2 7 0.000000000000e+00
0 3 6 0.000000000000e+00
0 3 7 0.000000000000e+00
1 2 6 0.000000000000e+00
1 2 7 0.000000000000e+00
1 3 6 0.000000000000e+00
1 3 7 0.000000000000e+00
2 0 4 0.000000000000e+00
2 0 5 0.000000000000e+00
2 1 4 0.000000000000e+00
2 1 5 0.000000000000e+00
3 0 4 0.000000000000e+00
3 0 5 0.000000000000e+00
3 1 4 0.000000000000e+00
3 1 5 0.000000000000e+00
2 0 6 0.000000000000e+00
2 0 7 0.000000000000e+00
2 1 6 0.000000000000e+00
2 1 7 0.000000000000e+00
3 0 6 0.000000000000e+00
3 0 7 0.000000000000e+00
3 1 6 0.000000000000e+00
3 1 7 0.000000000000e+00
2 2 4 2.919886557452e-02
2 2 5 1.501357080050e-04
2 3 4 4.434310839654e-01
2 3 5 9.277844052070e-02
3 2 4 6.834780387189e-01
3 2 5 2.855128315529e-01
3 3 4 1.000000000000e+00
3 3 5 8.732194401688e-01
2 2 6 0.000000000000e+00
2 2 7 0.000000000000e+00
2 3 6 0.000000000000e+00
2 3 7 0.000000000000e+00
3 2 6 5.017756319125e-05
3 2 7 0.000000000000e+00
3 3 6 4.403410669374e-02
3 3 7 0.000000000000e+00
0 4 0 0.000000000000e+00
0 4 1 0.000000000000e+00
0 5 0 0.000000000000e+00
0 5 1 0.000000000000e+00
1 4 0 0.000000000000e+00
1 4 1 0.000000000000e+00
1 5 0 0.000000000000e+00
1 5 1 0.000000000000e+00
0 4 2 0.000000000000e+00
0 4 3 0.000000000000e+00
0 5 2 0.000000000000e+00
0 5 3 0.000000000000e+00
1 4 2 0.000000000000e+00
1 4 3 0.000000000000e+00
1 5 2 0.000000000000e+00
1 5 3 0.000000000000e+00
0 6 0 0.000000000000e+00
0 6 1 0.000000000000e+00
0 7 0 0.000000000000e+00
0 7 1 0.000000000000e+00
1 6 0 0.000000000000e+00
1 6 1 0.000000000000e+00
1 7 0 0.000000000000e+00
1 7 1 0.000000000000e+00
0 6 2 0.000000000000e+00
0 6 3 0.000000000000e+00
0 7 2 0.000000000000e+00
0 7 3 0.000000000000e+00
1 6 2 0.000000000000e+00
1 6 3 0.000000000000e+00
1 7 2 0.000000000000e+00
1 7 3 0.000000000000e+00
2 4 0 0.000000000000e+00
2 4 1 0.000000000000e+00
2 5 0 0.000000000000e+00
2 5 1 0.000000000000e+00
3 4 0 0.000000000000e+00
3 4 1 1.181512255434e-01
3 5 0 0.000000000000e+00
3 5 1 3.820145262468e-03
2 4 2 3.603831054338e-01
2 4 3 7.224790553325e-01
2 5 2 1.477487123172e-01
2 5 3 4.415235125226e-01
3 4 2 9.950767993204e-01
3 4 3 1.000000000000e+00
3 5 2 6.380861233980e-01
3 5 3 9.911248713118e-01
2 6 0 0.000000000000e+00
2 6 1 0.000000000000e+00
2 7 0 0.000000000000e+00
2 7 1 0.000000000000e+00
3 6 0 0.000000000000e+00
3 6 1 0.000000000000e+00
3 7 0 0.000000000000e+00
3 7 1 0.000000000000e+00
2 6 2 0.000000000000e+00
2 6 3 0.000000000000e+00
2 7 2 0.000000000000e+00
2 7 3 0.000000000000e+00
3 6 2 0.000000000000e+00
3 6 3 2.801260824681e-02
3 7 2 0.000000000000e+00
3 7 3 0.000000000000e+00
0 4 4 0.000000000000e+00
0 4 5 0.000000000000e+00
0 5 4 0.000000000000e+00
0 5 5 0.000000000000e+00
1 4 4 0.000000000000e+00
1 4 5 0.000000000000e+00
1 5 4 0.000000000000e+00
1 5 5 0.000000000000e+00
0 4 6 0.000000000000e+00
0 4 7 0.000000000000e+00
0 5 6 0.000000000000e+00
0 5 7 0.000000000000e+00
1 4 6 0.000000000000e+00
1 4 7 0.000000000000e+00
1 5 6 0.000000000000e+00
1 5 7 0.000000000000e+00
0 6 4 0.000000000000e+00
0 6 5 0.000000000000e+00
0 7 4 0.000000000000e+00
0 7 5 0.000000000000e+00
1 6 4 0.000000000000e+00
1 6 5 0.000000000000e+00
1 7 4 0.000000000000e+00
1 7 5 0.000000000000e+00
0 6 6 0.000000000000e+00
0 6 7 0.000000000000e+00
0 7 6 0.000000000000e+00
0 7 7 0.000000000000e+00
1 6 6 0.000000000000e+00
1 6 7 0.000000000000e+00
1 7 6 0.000000000000e+00
1 7 7 0.000000000000e+00
2 4 4 6.309930561243e-01
2 4 5 1.486778498640e-01
2 5 4 2.759536930522e-01
2 5 5 1.253984777804e-02
3 4 4 1.000000000000e+00
3 4 5 8.492260265253e-01
3 5 4 8.543317143371e-01
3 5 5 2.224517885814e-01
2 4 6 0.000000000000e+00
2 4 7 0.000000000000e+00
2 5 6 0.000000000000e+00
2 5 7 0.000000000000e+00
3 4 6 1.766954847568e-02
3 4 7 0.000000000000e+00
3 5 6 0.000000000000e+00
3 5 7 0.000000000000e+00
2 6 4 0.000000000000e+00
2 6 5 0.000000000000e+00
2 7 4 0.000000000000e+00
2 7 5 0.000000000000e+00
3 6 4 2.058333936105e-03
3 6 5 0.000000000000e+00
3 7 4 0.000000000000e+00
3 7 5 0.000000000000e+00
2 6 6 0.000000000000e+00
2 6 7 0.000000000000e+00
2 7 6 0.000000000000e+00
2 7 7 0.000000000000e+00
3 6 6 0.000000000000e+00
3 6 7 0.000000000000e+00
3 7 6 0.000000000000e+00
3 7 7 0.000000000000e+00
4 0 0 0.000000000000e+00
4 0 1 0.000000000000e+00
4 1 0 0.000000000000e+00
4 1 1 0.000000000000e+00
5 0 0 0.000000000000e+00
5 0 1 0.000000000000e+00
5 1 0 0.000000000000e+00
5 1 1 0.000000000000e+00
4 0 2 0.000000000000e+00
4 0 3 0.000000000000e+00
4 1 2 0.000000000000e+00
4 1 3 2.058333936105e-03
5 0 2 0.000000000000e+00
5 0 3 0.000000000000e+00
5 1 2 0.000000000000e+00
5 1 3 0.000000000000e+00
4 2 0 0.000000000000e+00
4 2 1 0.000000000000e+00
4 3 0 0.000000000000e+00
4 3 1 1.766954847568e-02
5 2 0 0.000000000000e+00
5 2 1 0.000000000000e+00
5 3 0 0.000000000000e+00
5 3 1 0.000000000000e+00
4 2 2 2.224517885814e-01
4 2 3 8.543317143371e-01
4 3 2 8.492260265253e-01
4 3 3 1.000000000000e+00
5 2 2 1.253984777804e-02
5 2 3 2.759536930522e-01
5 3 2 1.486778498640e-01
5 3 3 6.309930561243e-01
6 0 0 0.000000000000e+00
6 0 1 0.000000000000e+00
6 1 0 0.000000000000e+00
6 1 1 0.000000000000e+00
7 0 0 0.000000000000e+00
7 0 1 0.000000000000e+00
7 1 0 0.000000000000e+00
7 1 1 0.000000000000e+00
6 0 2 0.000000000000e+00
6 0 3 0.000000000000e+00
6 1 2 0.000000000000e+00
6 1 3 0.000000000000e+00
7 0 2 0.000000000000e+00
7 0 3 0.000000000000e+00
7 1 2 0.000000000000e+00
7 1 3 0.000000000000e+00
6 2 0 0.000000000000e+00
6 2 1 0.000000000000e+00
6 3 0 0.000000000000e+00
6 3 1 0.000000000000e+00
7 2 0 0.000000000000e+00
7 2 1 0.000000000000e+00
7 3 0 0.000000000000e+00
7 3 1 0.000000000000e+00
6 2 2 0.000000000000e+00
6 2 3 0.000000000000e+00
6 3 2 0.000000000000e+00
6 3 3 0.000000000000e+00
7 2 2 0.000000000000e+00
7 2 3 0.000000000000e+00
7 3 2 0.000000000000e+00
7 3 3 0.000000000000e+00
4 0 4 0.000000000000e+00
4 0 5 0.000000000000e+00
4 1 4 2.801260824681e-02
4 1 5 0.000000000000e+00
5 0 4 0.000000000000e+00
5 0 5 0.000000000000e+00
5 1 4 0.000000000000e+00
5 1 5 0.000000000000e+00
4 0 6 0.000000000000e+00
4 0 7 0.000000000000e+00
4 1 6 0.000000000000e+00
4 1 7 0.000000000000e+00
5 0 6 0.000000000000e+00
5 0 7 0.000000000000e+00
5 1 6 0.000000000000e+00
5 1 7 0.000000000000e+00
4 2 4 9.911248713118e-01
4 2 5 6.380861233980e-01
4 3 4 1.000000000000e+00
4 3 5 9.950767993204e-01
5 2 4 4.415235125226e-01
5 2 5 1.477487123172e-01
5 3 4 7.224790553325e-01
5 3 5 3.603831054338e-01
4 2 6 3.820145262468e-03
4 2 7 0.000000000000e+00
4 3 6 1.181512255434e-01
4 3 7 0.000000000000e+00
5 2 6 0.000000000000e+00
5 2 7 0.000000000000e+00
5 3 6 0.000000000000e+00
5 3 7 0.000000000000e+00
6 0 4 0.000000000000e+00
6 0 5 0.000000000000e+00
6 1 4 0.000000000000e+00
6 1 5 0.000000000000e+00
7 0 4 0.000000000000e+00
7 0 5 0.000000000000e+00
7 1 4 0.000000000000e+00
7 1 5 0.000000000000e+00
6 0 6 0.000000000000e+00
6 0 7 0.000000000000e+00
6 1 6 0.000000000000e+00
6 1 7 0.000000000000e+00
7 0 6 0.000000000000e+00
7 0 7 0.000000000000e+00
7 1 6 0.000000000000e+00
7 1 7 0.000000000000e+00
6 2 4 0.000000000000e+00
6 2 5 0.000000000000e+00
6 3 4 0.000000000000e+00
6 3 5 0.000000000000e+00
7 2 4 0.000000000000e+00
7 2 5 0.000000000000e+00
7 3 4 0.000000000000e+00
7 3 5 0.000000000000e+00
6 2 6 0.000000000000e+00
6 2 7 0.000000000000e+00
6 3 6 0.000000000000e+00
6 3 7 0.000000000000e+00
7 2 6 0.000000000000e+00
7 2 7 0.000000000000e+00
7 3 6 0.000000000000e+00
7 3 7 0.000000000000e+00
4 4 0 0.000000000000e+00
4 4 1 4.403410669374e-02
4 5 0 0.000000000000e+00
4 5 1 5.017756319125e-05
5 4 0 0.000000000000e+00
5 4 1 0.000000000000e+00
5 5 0 0.000000000000e+00
5 5 1 0.000000000000e+00
4 4 2 8.732194401688e-01
4 4 3 1.000000000000e+00
4 5 2 2.855128315529e-01
4 5 3 6.834780387189e-01
5 4 2 9.277844052070e-02
5 4 3 4.434310839654e-01
5 5 2 1.501357080050e-04
5 5 3 2.919886557452e-02
4 6 0 0.000000000000e+00
4 6 1 0.000000000000e+00
4 7 0 0.000000000000e+00
4 7 1 0.000000000000e+00
5 6 0 0.000000000000e+00
5 6 1 0.000000000000e+00
5 7 0 0.000000000000e+00
5 7 1 0.000000000000e+00
4 6 2 0.000000000000e+00
4 6 3 0.000000000000e+00
4 7 2 0.000000000000e+00
4 7 3 0.000000000000e+00
5 6 2 0.000000000000e+00
5 6 3 0.000000000000e+00
5 7 2 0.000000000000e+00
5 7 3 0.000000000000e+00
6 4 0 0.000000000000e+00
6 4 1 0.000000000000e+00
6 5 0 0.000000000000e+00
6 5 1 0.000000000000e+00
7 4 0 0.000000000000e+00
7 4 1 0.000000000000e+00
7 5 0 0.000000000000e+00
7 5 1 0.000000000000e+00
6 4 2 0.000000000000e+00
6 4 3 0.000000000000e+00
6 5 2 0.000000000000e+00
6 5 3 0.000000000000e+00
7 4 2 0.000000000000e+00
7 4 3 0.000000000000e+00
7 5 2 0.000000000000e+00
7 5 3 0.000000000000e+00
6 6 0 0.000000000000e+00
6 6 1 0.000000000000e+00
6 7 0 0.000000000000e+00
6 7 1 0.000000000000e+00
7 6 0 0.000000000000e+00
7 6 1 0.000000000000e+00
7 7 0 0.000000000000e+00
7 7 1 0.000000000000e+00
6 6 2 0.000000000000e+00
6 6 3 0.000000000000e+00
6 7 2 0.000000000000e+00
6 7 3 0.000000000000e+00
7 6 2 0.000000000000e+00
7 6 3 0.000000000000e+00
7 7 2 0.000000000000e+00
7 7 3 0.000000000000e+00
4 4 4 1.000000000000e+00
4 4 5 8.256775667221e-01
4 5 4 5.883228116861e-01
4 5 5 1.245974477798e-01
5 4 4 4.623591374548e-01
5 4 5 1.235931114534e-01
5 5 4 2.267175855547e-02
5 5 5 1.577539881556e-08
4 4 6 2.557139913007e-02
4 4 7 0.000000000000e+00
4 5 6 0.000000000000e+00
4 5 7 0.000000000000e+00
5 4 6 0.000000000000e+00
5 4 7 0.000000000000e+00
5 5 6 0.000000000000e+00
5 5 7 0.000000000000e+00
4 6 4 0.000000000000e+00
4 6 5 0.000000000000e+00
4 7 4 0.000000000000e+00
4 7 5 0.000000000000e+00
5 6 4 0.000000000000e+00
5 6 5 0.000000000000e+00
5 7 4 0.000000000000e+00
5 7 5 0.000000000000e+00
4 6 6 0.000000000000e+00
4 6 7 0.000000000000e+00
4 7 6 0.000000000000e+00
4 7 7 0.000000000000e+00
5 6 6 0.000000000000e+00
5 6 7 0.000000000000e+00
5 7 6 0.000000000000e+00
5 7 7 0.000000000000e+00
6 4 4 0.000000000000e+00
6 4 5 0.000000000000e+00
6 5 4 0.000000000000e+00
6 5 5 0.000000000000e+00
7 4 4 0.000000000000e+00
7 4 5 0.000000000000e+00
7 5 4 0.000000000000e+00
7 5 5 0.000000000000e+00
6 4 6 0.000000000000e+00
6 4 7 0.000000000000e+00
6 5 6 0.000000000000e+00
6 5 7 0.000000000000e+00
7 4 6 0.000000000000e+00
7 4 7 0.000000000000e+00
7 5 6 0.000000000000e+00
7 5 7 0.000000000000e+00
6 6 4 0.000000000000e+00
6 6 5 0.000000000000e+00
6 7 4 0.000000000000e+00
6 7 5 0.000000000000e+00
7 6 4 0.000000000000e+00
7 6 5 0.000000000000e+00
7 7 4 0.000000000000e+00
7 7 5 0.000000000000e+00
6 6 6 0.000000000000e+00
6 6 7 0.000000000000e+00
6 7 6 0.000000000000e+00
6 7 7 0.000000000000e+00
7 6 6 0.000000000000e+00
7 6 7 0.000000000000e+00
7 7 6 0.000000000000e+00
7 7 7 0.000000000000e+00
